205292
147878
152608
155369
122267
119573
125503
104008
108704
102754
92726
96406
89242
77448
76519
71218
74695
69331
83667
91380
88137
76838
80347
80344
76457
64438
92728
84827
71963
79017
93162
88284
97887
93546
81079
97618
94420
87506
104261
104151
89513
96232
134476
97798
92007
120375
104101
109361
110581
91329
123490
123021
125629
88498
116284
120928
112477
102668
136610
137748
120463
116344
135907
116959
99855
127215
140849
117378
120340
101808
123099
149992
134890
117675
104434
129141
120300
112045
123192
126700
102072
109710
107217
112508
105318
101761
106789
86170
106565
112346
101678
122102
94427
93827
104538
85796
241166
161850
165597
158686
144845
122199
124528
115684
99038
89117
101246
115849
81305
108630
91493
91997
60828
73576
91168
72388
88620
97399
81845
96324
89565
83354
88004
85766
83712
76818
81295
91301
95731
94904
81438
96992
98354
100037
127265
101830
101898
94394
123396
105217
97876
99899
108253
116252
119414
106241
122966
120532
103785
109454
133536
119203
106767
118325
121174
126499
115591
131082
120979
125466
146669
123696
163858
128759
144244
134435
124483
146656
125684
114379
118300
122802
105651
154211
142435
119282
113677
89993
118983
101881
121009
89857
120241
107067
108035
108507
106034
83113
103968
85135
96534
102421
254831
150089
191328
151595
124452
114006
135331
114359
100075
91860
96003
84727
91553
91112
69847
67423
75962
117082
96676
83818
98126
86799
58845
74788
66173
88315
68159
106550
98924
92035
66662
88876
89017
98149
69398
105534
91009
77191
125550
103496
106006
98190
113632
112023
109873
96682
104775
106795
119597
83803
98124
120303
113836
112621
125829
120127
116577
118890
127463
115225
124898
139949
138375
121944
124265
124831
112486
128228
138901
110073
136322
123538
137049
133894
120029
121444
129056
117941
145044
105817
112218
114614
88708
111652
111351
94041
116166
125073
103651
105485
101711
105418
88315
103972
108211
103744
282224
152258
174224
164214
108778
135203
113538
104254
132420
103725
93220
94626
94344
101163
73530
93209
86235
71386
85258
96201
83551
78015
92393
74520
71002
85033
61349
73972
82952
70604
67750
85854
89872
75677
78567
79450
107874
90855
91249
76139
90387
103613
96944
98173
84887
106427
104626
93027
97492
102820
134074
132978
119075
123721
105649
112337
122666
127457
117733
113305
125993
108479
134680
117030
119355
126018
117283
128794
129098
117553
117661
122553
95566
105744
106839
107597
120888
109322
111705
109795
121756
90890
93245
132930
120719
81256
100853
104596
95310
91073
84783
82503
71902
82300
83359
88508
192264
146291
167490
127767
103152
100762
90684
87046
73530
71683
61270
71463
64201
54417
69580
66350
61372
60271
68241
68099
57807
55617
50196
57632
61963
45524
53845
49894
51196
56925
61013
53359
60084
49828
69828
45049
45287
54960
52764
49427
54795
45300
69682
51723
59070
43948
58197
81026
45537
47081
67890
54249
48239
33677
51792
54940
60588
66705
56008
76894
47882
74744
77987
53065
55295
49326
65316
70397
36627
51420
50561
69060
51256
40746
61835
63514
53328
49133
63370
39801
47143
38145
43967
38559
47654
43093
62246
35623
38902
38842
40665
38701
40837
52663
47850
35158
104037
65902
87753
76755
64708
53077
51307
55951
68895
47069
45693
43508
34409
32472
47454
53706
45279
42600
59845
57607
38910
59854
42272
51130
54902
44745
37162
58641
50556
38459
56473
38629
51396
45436
46080
62407
46336
37328
48343
57850
44471
50865
61513
48289
45740
61487
73470
53828
67276
43471
50963
58225
52630
47237
63551
62442
72357
48502
55309
59046
65868
65863
61604
55785
63796
52040
56518
78904
69982
49942
51584
55785
54335
52403
69332
58004
69364
58444
35556
50152
60780
46260
40394
66652
50657
67730
44428
44208
45048
36883
58838
23941
38415
42486
42186
41101
123802
75304
87237
64764
68812
51222
62615
60814
61747
63709
43269
70357
39090
47097
53383
51708
64492
51823
57833
53037
61149
49221
54379
52725
76255
65363
59853
75039
49198
58437
66731
73464
68731
64380
79097
91069
72011
68734
76954
89712
95158
84949
81965
78332
79284
89059
107222
96054
85617
80237
97232
103449
84755
119098
94450
103562
83590
106462
111930
86186
96150
99483
100837
112949
109013
91601
109284
93153
84836
94099
84502
82456
102539
82100
84214
86032
83944
83160
81971
73275
78167
93879
64654
67185
58726
70084
56473
53016
66583
53087
56225
55595
73418
49666
59362
73557
124591
133386
112941
94474
68925
66079
81745
80722
67024
64675
81682
87318
63929
86741
62562
56774
58457
58295
95868
72349
57057
73073
70468
79107
66901
78540
60939
86794
92166
79783
91767
74000
72809
70354
96637
95647
84126
75747
88655
106024
89168
111307
115382
99919
102907
109652
93930
120912
117190
105699
97092
130061
117328
102409
112079
145245
114807
120335
115156
122830
119996
125600
107653
122948
141059
113860
126850
116239
130862
134936
130052
135387
114253
98300
101431
136857
122377
125578
115348
142421
124971
96847
116069
93919
124426
100065
105626
106878
111752
87635
123914
96616
96906
100783
105869
113247
230504
155002
159968
134267
129330
90622
143713
194690
93966
104008
100750
91985
65572
88303
76139
89603
80587
81875
86435
78102
80631
75061
66126
82507
82564
89966
73705
100345
83322
85308
75131
87441
78690
83810
94524
93339
87128
79625
123725
101704
112547
115440
102761
101370
126808
102577
114386
116858
130668
106182
120475
124519
104928
114082
112777
122546
137999
133686
136042
126836
138113
141871
129152
125012
137797
141805
118690
117831
105806
135651
129375
100956
137487
111824
122045
140741
121747
132167
138811
103085
129168
127699
113196
98394
95182
96767
110875
96566
89881
101371
118423
93510
98650
117349
120004
108872
233335
185092
203724
149819
147137
144334
108355
99965
104328
91721
102878
99735
81212
95815
81901
93045
92054
98750
90379
62709
76094
89628
89120
87346
81641
77289
93422
96224
74738
69147
80455
104267
105250
85017
103533
100154
95736
86914
102233
119791
103186
97789
120602
103031
117256
102178
109097
130953
95548
101676
110842
121227
113362
121840
104903
131684
126006
119627
114323
135819
111557
140469
130766
125540
124311
121962
126933
119103
147596
128601
139888
125468
136968
127831
132746
124073
116199
130091
119432
112746
114897
118650
113272
85020
116760
100434
123946
114218
110845
98705
110215
101181
111388
95828
90219
95446
247412
155964
170430
141110
111375
125091
110649
118896
87399
102164
113802
114841
84901
99692
96278
87129
93342
78539
86311
87173
83544
76647
95793
80652
84290
79390
87388
72957
87131
65737
84745
90313
88110
106682
112083
102085
88947
86857
109332
107733
108012
99842
129676
90328
97027
88731
115401
114436
96347
95200
109177
119318
102150
96008
109985
105578
99611
121608
132531
114009
131564
112771
105248
108856
112063
107579
149644
124738
121834
112039
138209
124309
129462
145965
111992
125762
121465
106141
130541
120605
117965
126049
109084
89890
88518
130117
108089
91118
102753
100705
98847
93742
95637
80318
65475
88347
214722
168257
141888
146781
117366
101076
96855
111962
78277
75214
66206
81985
94420
80931
64250
76646
66583
62707
78992
67428
80576
47116
138600
67578
87953
49398
64143
59650
64365
46388
63167
81028
53474
56796
72848
72667
48444
61799
54525
72700
53216
52530
80488
50550
67696
46715
60967
69831
53508
66160
61378
66772
67288
64107
54960
65361
44997
61086
72081
59059
56337
64962
68660
63367
76453
53260
82622
59646
63586
50982
80885
43946
49212
54555
48304
68552
55848
65827
45737
59862
43249
52148
33408
54786
58323
38912
61726
51932
62916
46014
69937
30909
31392
58794
42566
54491
120445
92908
87714
70995
55362
46107
61604
41452
31114
66761
77264
54369
63154
60532
39902
39932
52458
49432
49125
71593
45806
45871
54027
33910
49286
60627
50428
46004
47910
47421
43277
58930
57775
43674
55086
57156
57608
51493
56093
59012
51990
50332
67263
73767
57550
40139
51734
61390
66033
61324
62114
63088
58895
75361
55874
70115
43529
59999
63893
56749
62740
69501
53064
46149
63783
50787
67429
52888
57437
54250
51871
62318
68562
55085
53234
65189
42660
47786
53018
50198
43048
45287
48511
58238
48819
38592
50938
53930
47544
51315
44015
41072
47367
36288
57177
48459
129657
120590
85891
78756
69986
79243
60957
59012
62266
64381
68364
71585
65643
70433
54204
74112
76834
47258
57984
68084
53161
83282
65151
71058
64123
81189
60277
74930
61458
94739
79768
65474
74109
76789
82586
96797
98549
66926
86752
95912
86930
103115
127045
105535
98603
117816
112372
109663
105782
117115
96839
127204
103886
111726
128141
136766
113000
122926
141058
111455
115902
111854
133601
120855
116218
126235
132702
142478
135327
126465
114985
135788
129263
112953
145238
108543
121874
98874
120991
118918
127072
112234
108016
109809
113902
105256
109666
101029
106372
100178
103861
99474
98256
89356
102444
79286
252669
151064
197989
167098
106768
98399
140000
118623
123760
103430
99705
97251
89361
89077
75039
78613
90880
91044
85931
84731
92837
64018
87357
66982
84785
83938
91741
78878
96033
78523
87219
69178
87029
71938
78376
94695
87406
94934
110398
89663
101827
100671
106521
116242
101522
121299
100740
103055
118432
117370
119256
121273
112424
138689
109478
147737
117947
108921
105410
147189
174311
134810
132700
125841
143426
126900
115959
129939
133033
126537
136127
113744
139631
118363
112345
122528
111759
119883
149251
118384
115439
101318
110733
117275
126075
102996
125223
100294
119752
106432
125458
86215
105722
98191
78479
84561
258613
166554
165923
143616
161364
131598
131064
104441
112007
100512
105892
93729
113207
96616
105031
104043
95741
87083
104732
88629
108292
77010
69792
79270
87517
84046
87148
84917
110197
84742
94022
118710
84491
87404
90394
84189
95346
77615
80999
112515
104343
95595
121072
101504
104981
103907
103457
106883
118355
116535
107234
107217
109594
121218
126902
126886
127684
115115
124513
120862
126697
97324
151221
132166
152283
127602
150081
120023
114525
138034
131873
131273
131468
126180
129279
115777
118914
120309
129907
105766
111397
116797
107669
102076
113327
126866
117521
128264
112924
118763
118445
114360
89246
100101
106758
71938
209181
185771
158701
185432
141745
132804
131485
88419
123653
114968
83676
92039
116940
91245
96069
73542
75918
87516
70863
97571
78336
74688
77829
68288
84184
78140
98849
78260
83828
83071
89464
83890
87340
93893
100469
94611
104899
91627
96971
107653
97251
94336
143358
94854
123078
82970
104386
126747
117153
106834
118266
102577
109651
107765
119617
118981
120700
131755
124755
111844
136328
109764
137319
141825
145376
146913
116897
141986
125223
126759
139400
137602
128538
108998
114305
117079
108456
135528
132656
124072
104599
116074
99691
92335
115146
100268
96449
107803
119517
89186
83559
120964
77179
89294
97243
81185
201715
205744
166864
133746
129068
122170
111215
99421
106399
81491
92677
92553
87093
79952
86385
94758
73676
77543
88954
92254
82361
67408
74001
75622
78063
87339
77970
77574
91782
100095
93776
83065
77308
71040
82865
87948
90153
88850
85221
85722
76592
71969
95234
111749
91463
90808
106650
97636
106406
109150
104984
109304
92861
105501
113967
114250
108411
103571
134941
128806
127217
107086
109602
106834
107183
129816
135987
116151
112277
119250
114661
121772
117945
121882
114524
102699
126544
99334
108569
117748
85185
85624
100221
92156
96648
98864
92518
98931
84633
79419
95621
78315
103322
75511
75818
90681
187733
161889
145415
121182
103116
116245
113572
98783
85006
70972
88680
92853
95959
70765
77016
61982
74092
65019
72711
53449
73691
52173
59773
56269
88335
66893
55269
75250
50394
52790
37487
58092
60599
48214
57143
67932
63105
53866
58822
50802
49197
61063
53727
79344
52633
54184
67933
58794
54751
54704
66958
64840
53782
64070
55139
53303
59809
50473
65558
55381
46052
48358
52201
83364
59279
61810
79041
50703
54584
53824
52971
58156
52897
48999
60007
52890
53035
36621
49957
45787
44210
48160
47211
63814
40162
35455
59019
36485
57663
39601
45040
45125
45088
34109
51718
54227
117248
78408
88999
77485
75850
58299
52712
47295
58489
41983
57606
65957
42529
53094
58928
50434
31582
51064
70403
52878
43342
40369
50015
43367
48328
33878
52531
44990
38743
40028
66758
39010
50844
49462
51136
40434
33013
40033
44358
54827
46922
55208
60805
67326
49174
55737
53841
56305
50394
49563
54181
55302
46436
47693
46921
43920
55455
53747
56079
56843
54415
52940
54854
72998
60516
55831
55343
62490
59316
57089
66753
61497
54178
51893
57707
73640
41157
56412
39658
44991
45865
55702
39870
53325
49608
52774
50967
44772
48349
55066
39360
38602
31930
44699
42688
49186
112341
87734
100199
82841
84240
61225
50473
67945
51314
65510
65468
51287
62517
77898
63470
64709
59370
48697
99998
66686
58961
60451
72178
65871
50065
67288
77392
81262
70831
69969
74244
59539
74328
78413
65687
91709
91726
93337
90408
103560
103708
83623
104475
85632
92528
82504
99501
106383
98096
93841
102903
103949
94290
102875
98733
102381
127151
102372
109303
98960
117616
124060
91548
134715
123096
140759
132975
119096
128019
109649
127866
124014
132254
111667
125487
115282
100409
113932
102567
116747
87969
106186
106239
86433
120684
123876
122223
89705
109631
103625
105297
93382
82741
100530
96043
94795
202357
184449
167217
126889
121785
116973
103516
128835
107974
110822
101569
94635
79969
84543
77503
80585
64527
83318
74757
71597
90432
81293
85454
63713
95459
67561
70953
118419
68134
79684
72935
101481
62656
77190
65027
82540
92401
84508
95571
84227
97764
85882
94948
101613
84807
100268
115241
93459
100720
92873
120145
85509
108115
92968
116842
120504
112952
101888
124714
164648
117046
103244
117437
133233
113700
156557
112760
149658
107077
147628
118310
122937
134056
116804
166334
121484
111899
137858
112658
112469
124866
127497
108510
103498
101709
86835
126770
109217
97096
122994
102713
98866
86922
80892
106944
101904
237994
190242
166144
138232
115291
134128
107148
101927
113922
103805
118926
89956
96214
96665
101680
119826
82822
80276
97370
91514
79244
70513
90063
107566
78750
88558
94667
94274
94090
69226
94094
94755
85122
95296
85934
89284
102858
90033
101113
114093
114747
101410
114807
87450
127999
115017
121906
135933
117667
115278
142129
109855
114681
134366
117639
112897
142923
106368
116182
126910
159655
113619
157312
102379
139990
108670
147748
137742
139026
119089
135537
141521
139704
126810
117841
134785
134015
130798
112098
118353
119903
125300
102764
99961
118753
105855
110574
122414
102275
123813
93123
102921
111365
98443
109450
101383
263229
196040
163920
125685
129576
138794
119465
123166
122629
115214
107019
94666
90198
118125
96232
83036
84963
97660
92356
81007
141323
108587
117243
124446
127059
97019
106462
110723
111765
110132
128955
86608
127797
130799
109644
131959
142140
113342
115225
121990
117541
130631
123096
117473
125593
132135
125388
143978
133629
145042
110978
136893
132602
134752
141296
129632
142833
144809
133525
119018
161102
124142
154251
127081
97696
146197
119845
117702
151930
130931
108739
108519
113191
132819
128247
115752
97210
122571
123409
119385
105534
104268
104149
101807
107222
93018
222913
156423
180265
166773
150589
122508
145867
116300
121680
139748
136972
117770
79832
115361
136273
112460
106975
105034
104114
80614
110659
94589
118208
109036
92317
120893
85620
90987
111002
110678
115924
114685
113040
105013
103497
107474
95529
120743
104158
104783
113266
138598
139152
117721
107368
121839
134754
124940
108202
107801
129495
141148
127136
132611
133401
132227
147279
128936
126647
119678
133043
114005
116442
110136
127177
86920
101390
114109
103199
106074
109877
114790
104140
93756
133988
122940
89820
89074
78932
77554
89988
58558
205538
118565
100136
112387
104489
89567
111509
95282
79754
76445
94833
82553
90056
56702
76875
89285
78312
57666
79328
77542
79836
70681
86265
62326
61667
85424
85719
67463
64532
62853
80265
66846
85651
62410
70101
47527
56961
73683
69202
85366
69382
61553
72996
76336
63600
69726
81783
54459
69948
62272
74024
75284
59340
59522
63338
59489
61668
49525
56306
64028
60812
53571
62032
59896
61099
53081
42593
53455
52296
36487
39628
57501
134718
79047
103410
60552
57247
60358
93012
58525
64495
69508
57000
64151
80009
49819
61805
71859
47581
86278
86026
53400
63967
78680
85800
72997
58960
62692
75015
83731
65132
74638
77946
60648
65781
74453
75033
86799
60376
60196
80493
75782
78219
68222
82923
72828
75515
61180
82203
84914
73693
74844
73726
52357
64070
81783
86292
72424
71648
75312
71897
75343
79011
69374
66430
59978
75922
66988
58274
56323
54147
64438
45244
55471
51077
45964
64362
55357
71815
48956
67480
51629
75952
144656
95345
89790
97329
185211
167484
140446
126247
107495
112874
133569
123630
114128
106196
118346
111257
117382
139418
109563
120725
118851
139825
112583
109172
129453
126707
102273
117159
102794
119409
119400
119542
119226
107436
113933
119986
122710
156100
130977
117882
124427
121412
115613
142085
119999
146094
119078
156612
103914
115522
116839
125053
103210
114902
139028
102919
91612
87732
113081
123117
91137
110449
90004
106127
111494
112937
91083
88682
93453
97253
71469
193749
169154
113226
124251
141719
142999
100750
113410
106943
97296
83409
103393
94598
110336
101946
97890
102282
120064
107443
103187
102876
113520
109133
126823
115270
91070
108472
127427
119959
103809
109220
117380
106608
103928
114442
113471
138157
106596
148501
126252
113981
129862
132019
132405
149644
151034
131378
136423
125131
135157
151958
145592
138979
126924
106002
129937
130601
149181
150392
142198
125909
105175
156234
129781
120875
108654
107935
130332
122903
120429
106166
107169
91513
99170
97788
108739
95638
103762
120124
94027
96532
247909
185170
144016
161849
130444
139764
123368
130180
180793
161247
146972
145676
112666
130585
135300
139368
137918
100054
126278
118624
121753
99267
139181
115951
138568
135608
118198
96058
119105
101722
141271
114833
130594
132308
131362
128252
161315
177204
124730
138300
115796
148799
164089
143300
126840
143422
126709
133777
142268
128522
116479
115506
102725
136390
112451
109218
109340
113516
132914
124404
114373
120527
120504
117860
138534
108903
118225
117282
112318
134139
99332
132453
108281
103166
235618
179982
148123
136023
120553
118333
110943
108192
106222
101256
109074
102370
115017
82358
98467
110659
108098
134067
121787
124810
124885
101110
102367
95526
121561
100754
115892
119528
101943
99450
127769
128489
112149
121358
111722
118790
107635
123106
123699
121215
125596
88642
158512
137670
148685
120709
119431
146013
140992
127157
144317
123514
134097
139985
120281
144561
143357
138653
144587
121419
140520
133722
149032
131308
98666
138273
135463
125513
132623
124391
118046
106768
85604
115577
123807
112501
102390
106761
118847
118526
104209
100868
103091
90789
217550
176312
173197
152248
123775
131477
123319
117878
126993
118585
187579
126465
125392
124531
131289
123160
95016
127379
106110
103028
94684
101825
123007
105289
109298
98026
115758
116730
114168
94399
100546
128085
134676
127995
106556
110946
117680
136378
99687
124107
114030
129996
129742
113247
128164
147338
137694
138120
140616
125987
163031
123390
132544
128268
164693
131157
128766
128689
109593
117180
119013
80868
83246
86992
120219
109360
81873
112746
113328
86623
100357
78079
100620
56413
71339
94762
229657
130006
111585
110902
106862
95896
81966
70087
97209
76379
94043
105278
89338
69765
59905
72186
69929
40054
64181
62100
72480
68062
83596
76643
67723
57781
71106
72759
72019
50761
79642
63612
66838
67291
56309
72973
53912
58659
81483
68517
54849
57322
67934
67437
53191
57877
59763
66088
62505
50218
60429
65530
68966
38208
48418
52289
53962
51398
63377
53263
55745
52408
51782
63747
51780
135608
117673
80160
66357
75892
83280
75300
64392
59195
81176
66236
44369
62746
65965
53116
63158
47002
52520
77783
76432
66924
73671
61339
84252
68347
60365
67615
66542
66631
73552
61518
70188
57962
57965
65180
69841
74122
57224
58532
57435
69449
59662
58789
58226
63527
56085
77863
52674
63900
71411
50693
62859
50540
41295
63414
57799
46053
47242
68866
42185
40387
53830
53388
135954
112714
97604
91495
80992
110730
111812
104059
107330
106810
118878
94069
92413
99871
101262
116571
99341
100329
112437
93782
81322
114804
119712
94107
112031
114951
100003
83311
98158
119662
98908
106398
91806
120062
122552
121211
115952
141913
118110
129723
106866
132417
111859
119724
126438
125962
114013
139260
106892
129928
109077
138191
117113
117968
120271
127891
111506
105211
101000
112027
92717
109473
97225
91417
99464
139155
129359
138573
217785
188948
149175
121825
111916
164260
130558
133380
103053
119076
122993
110026
105920
128435
94257
134108
130421
106698
104682
130692
125478
105243
123876
105111
121039
99205
102235
156500
124550
131362
127400
133253
124024
122583
107877
150859
170172
126589
123071
129330
131583
140949
130394
127724
124464
151285
133797
136589
132912
132099
109384
132679
114847
97180
106567
112909
101084
144161
109446
113122
80321
95319
96349
88520
87399
104837
110991
133645
97745
253563
167659
174441
132322
167562
133370
132826
131432
123349
103969
127676
126141
132813
118183
114532
118258
96528
110274
114673
128856
121163
137043
106617
132348
129521
129246
135958
112448
133177
141957
158187
144631
127873
150989
124783
132189
145143
160115
147381
163262
128722
147314
133613
132111
173311
142571
134193
132756
171546
126637
137607
114452
106031
127480
109231
108803
152848
137489
108240
134840
108597
95302
258226
162278
178135
156415
154494
147461
151764
125431
118585
111420
160948
118473
136225
125022
123439
112617
127366
137133
121913
145631
150037
169075
158674
146105
122674
130249
137200
127243
148045
162845
140478
115632
135888
114722
129619
162740
152924
159240
140479
134754
135198
132450
158274
116946
154924
143108
140436
108752
138048
117725
139154
117778
132960
110788
135478
135907
108801
116944
106200
112030
101119
106024
120005
108007
85132
272458
196179
150693
188143
133525
124078
122653
149488
152270
106497
97967
171481
81975
79350
98548
103749
106055
97817
129303
84998
118946
104686
127375
141728
121240
259346
358905
366796
66166
81165
84488
74290
54603
111374
55818
62314
102389
79869
44581
113289
65234
158435
108849
270170
121949
321831
285608
93138
95425
76029
45444
95630
39741
43221
92568
49852
56332
111768
43077
42164
170689
57038
106013
183360
113366
101267
80873
36417
30050
42360
24326
40711
53088
44785
28522
62496
82684
33709
34383
38347
144876
81073
68299
77691
97017
48783
38719
47729
28093
33419
63572
58166
37225
54501
28481
31478
72890
66048
70677
100086
113129
85504
111800
65694
61797
48059
37302
41250
45614
31058
28712
54977
37102
45317
59406
56919
35212
92470
66060
106481
99939
76300
80891
48402
41249
39162
37779
19820
23887
36342
35372
43663
44267
36244
46579
48998
42909
80938
73864
78178
62653
54367
101249
78682
52764
25142
31529
50830
44923
37058
58153
23784
51045
61639
49543
50976
52281
75594
57560
71760
46760
55579
56254
26241
34799
49807
56026
75640
68907
50509
72880
52358
97161
84986
81021
59034
66653
46680
33405
49133
32796
35910
33100
47409
50279
42932
55209
55574
52601
81329
75298
76975
81764
85846
81743
44642
59532
54297
37527
35403
44934
39402
36762
44779
54392
47281
39596
74903
66329
81454
69114
80170
86909
49433
54627
47697
37615
37872
36777
30419
22361
57498
27965
40450
34305
50388
40178
62899
64349
63739
86603
74195
148735
145984
115795
182664
138244
161554
148622
111960
106809
112716
107155
77537
104497
73314
106439
94776
73296
94623
123342
104251
126857
181268
127698
136827
160662
151772
126578
146701
101191
128175
99820
112724
107309
111653
94978
119313
92148
111579
110448
109943
165270
142203
159886
169738
177370
136457
106070
92531
115581
86430
69876
85992
69378
59117
84512
73172
111587
224821
169644
177386
148392
147351
127937
128132
97924
108574
83153
99522
104057
86420
85308
103551
104459
124148
132398
112251
134116
134519
128845
159161
165981
140914
134654
114787
114923
111651
110894
115910
96488
124078
86868
95988
135901
154205
156659
173710
163480
159314
175534
152628
169947
126469
123981
127854
79769
82693
73064
86478
72180
97625
109580
178224
160391
158153
206135
133262
145101
132681
144710
176302
125220
112842
79614
131169
162391
162806
142772
120165
129382
111440
106341
91296
96665
102681
84666
90012
113030
102315
110330
94612
115743
137276
113946
116518
152233
143605
155361
121179
130139
152285
126753
95033
121532
130847
107252
130552
127008
118559
118648
139417
154454
158443
164730
185803
153460
171902
134988
135656
109626
137645
95307
106579
189883
176302
182515
147419
133688
205911
171683
177153
165075
170815
144882
154201
154843
132197
140995
108888
140643
130766
132659
86685
109985
127672
94013
107205
100240
131866
137355
107109
102960
128259
116688
141606
155656
140734
152816
156875
142306
128417
145895
91208
136449
108548
140952
119261
130690
112298
128488
154540
141066
139224
180452
158646
186020
154659
129280
147342
109894
279042
182163
156241
150386
141705
136880
123679
120843
104882
140457
122223
101773
109669
97115
121333
113850
112911
128539
136156
125677
114818
150254
158155
149551
203441
128797
124896
152821
106870
115152
86605
64921
108402
104557
81489
65718
82520
76888
72917
82049
89419
95864
91241
85261
80206
89269
100326
88111
73118
53404
79818
73357
69742
71683
65535
63029
96825
65306
81429
80093
80634
77152
78950
96843
69172
61694
66658
59099
72664
75309
51415
62948
46949
64022
62590
67331
63997
59778
60536
62882
77813
43930
69568
137480
71463
90740
99811
77842
95987
55090
107485
114376
103509
55700
81067
61796
70926
69588
85739
66330
70903
78569
54905
57878
79026
61849
70484
58923
78610
66958
64058
58059
78465
78088
59485
62082
58985
64612
74477
57865
61641
68092
53113
72695
73640
80506
77729
60250
84998
62410
74848
59496
60739
76149
49158
43649
75077
43576
49543
59083
53466
59255
46905
81248
56442
60181
57043
61007
62661
62985
61646
72732
126368
139721
81513
101771
110274
177204
127405
136159
114386
110995
117745
96898
116805
96069
121823
99585
108799
119714
114743
155353
112014
116601
150042
133236
109960
127565
122913
108065
114660
137307
102249
119465
104565
124374
144680
119237
133784
125187
112969
148060
127085
158842
135422
131390
130446
111243
105829
141828
112576
106863
169497
137877
145609
262356
169516
144346
148134
134047
133552
131549
122711
145518
141014
114240
137530
119124
144336
103319
145063
144923
130897
134358
119251
123010
149143
125083
125497
123113
115508
143125
121171
148855
131764
145949
147642
131291
130762
122949
137026
134421
143681
161895
137581
148438
135922
148894
144011
145831
152858
167846
131212
153598
150530
144787
120886
243769
171268
172876
171376
161522
146862
121141
155364
119423
134733
138178
94730
91410
103554
99028
79611
132800
111697
116185
128289
128952
138289
113915
106995
119217
115114
117355
111430
132932
140165
119920
136767
108458
134719
135821
126403
144162
155437
132946
125142
168060
146250
151067
145682
138155
164418
154098
174227
180188
167838
179923
196777
152643
289696
181808
210169
154648
160840
201314
166681
125252
118864
104999
102723
100500
106387
125578
144081
117510
106385
141743
176124
152885
127056
123847
135685
110577
117831
121227
186296
124967
99728
116647
114460
138236
179005
132241
146792
142221
149965
147562
137812
137270
181970
167418
158574
179102
291834
225384
162021
199815
176491
129900
145849
136053
134424
107944
123359
102457
147970
143538
121681
128923
114874
137011
144975
157947
149118
218463
191381
192514
269205
244599
188499
234173
205677
158620
244024
148561
119546
114923
111228
92457
116129
120015
88337
85066
119461
87003
88487
90387
97570
109837
89097
82579
85202
110735
64829
69741
87858
83118
96483
93933
117337
95959
95325
90998
109480
128101
135386
167957
96215
105978
101766
77276
90316
96070
87545
79089
97909
77697
69881
54998
63412
78424
68230
66088
79030
76282
61901
59802
93348
89778
99145
88277
105743
109406
99748
59193
100735
75964
66132
80722
86114
101805
84632
75392
95269
81250
71427
73525
81808
112539
96004
100584
144598
211491
139262
135059
134245
126211
121513
111141
162672
113188
136353
129537
91834
118258
100953
140090
126436
126531
132364
115938
117868
105265
105291
119338
135225
127053
144361
138031
158938
134801
134624
159451
128063
129697
146719
125381
143103
128427
112710
129245
128661
135579
174658
177257
158530
294829
206486
181923
183466
143168
146440
166240
140816
128997
134810
98819
116979
125609
122284
111574
113307
97938
99516
117161
124244
119688
132965
128117
127377
107722
120920
127541
143691
120447
138488
132401
118651
136016
157435
119278
124810
146400
139330
142809
151330
156365
140395
134859
131677
230774
180635
186398
138065
162809
168355
140825
103337
133579
140109
129497
124634
150081
149077
131586
133187
158910
139907
140624
130948
139324
122661
113992
168849
152654
146528
147339
113350
161254
177291
151928
174768
178998
152910
161469
140691
127831
154147
152745
133440
159347
214392
186137
164695
189101
174714
244701
186340
137874
126080
142553
142430
133308
104650
104614
153404
138541
137807
111376
125773
130288
140011
129451
117754
161066
117236
102215
132296
125453
160828
137980
168546
150213
116603
117683
145218
126518
169566
129612
154448
161857
180060
240581
189197
148022
146322
121933
168433
143354
98426
120724
133687
124314
119846
132446
130057
142377
136563
128175
128827
109309
109104
141889
118856
179289
155911
130381
110248
116795
108010
88426
118975
84919
82489
101041
101339
85759
76220
82753
77608
100778
74483
87661
78064
138333
111038
154149
119974
125750
96534
84516
70531
68436
66450
72722
54259
82079
61592
80586
56475
78401
58532
59518
66160
76854
84756
64419
60152
84416
67691
67429
63480
71699
63813
75977
64533
75670
74251
65273
82816
89414
89059
87116
103935
148802
153923
137509
140040
131732
129258
112648
120723
99716
109839
115593
117803
98375
109955
112643
117814
122164
99466
115782
112391
88257
104846
98357
125526
109228
126706
103863
131820
138755
112979
116902
121931
131180
109589
145528
126838
108141
139366
184746
165973
185703
206791
141748
174883
166981
146867
289852
183588
169182
147152
133493
137070
128971
127891
131304
145499
124119
119320
114153
165696
117569
123722
110272
127210
153579
122641
108058
137166
123607
122953
108672
133849
126959
123592
124236
147088
410073
263243
265851
188291
211863
158352
218051
172311
167915
177341
140716
140330
153409
131081
141751
149875
116183
130984
122545
121048
101613
145034
136678
121139
123570
97139
137249
122644
115387
103555
131690
121487
111768
124400
134269
128008
177827
171279
192772
169582
144105
173818
327186
206303
163246
179994
138570
155529
129347
112961
136503
110679
128637
91646
113059
102021
124561
95690
106655
121677
92269
91959
117080
117770
99063
109343
100862
120879
112344
121727
118235
103992
167509
159820
190993
204895
198000
204643
197155
183635
171765
157436
153146
121593
116656
116940
139851
103338
116907
87572
126735
107366
231463
159485
122023
120880
91951
98073
110657
87516
79280
101108
83337
111796
176403
142895
130310
137130
108106
89916
89726
88024
76739
87472
88812
98684
98532
81886
81872
81914
67126
87296
85236
91170
74297
68982
86575
219240
141839
141916
145524
136500
122513
129560
124516
87461
101008
101089
112951
113032
122024
135575
113912
108757
129703
101974
88950
124358
109891
105774
111177
114476
114262
117226
116542
96771
112695
152684
110831
119197
113700
130430
154221
198111
162945
180503
142130
175851
209854
170804
178734
131316
148241
153468
145786
143774
125233
114793
130022
115124
132229
125042
118013
133665
125134
142941
120014
119824
112759
170877
130404
125430
172817
205407
193044
195838
234554
198741
250535
197093
205227
185920
311017
254124
159758
189552
127350
144925
134489
101458
127190
161941
109989
108828
136582
149388
130926
153459
122738
134079
142214
127315
108730
129758
132371
118885
147460
138063
117931
162137
199230
181512
192747
252832
259071
202399
175641
203294
153930
162030
128981
130533
110830
108980
133884
146538
106211
129586
128114
123632
112611
124701
121407
126032
128396
140456
116082
118475
109315
154036
263886
219362
194597
185231
289985
158457
146107
130483
150844
105243
94275
161262
112442
189948
119435
145095
124477
104195
119800
136109
132424
165534
113373
125707
110935
109192
81306
109621
98465
68772
68793
95518
82144
81249
77351
97088
206362
151926
155383
157389
97851
147573
129093
105603
115840
98698
128071
90614
89081
100480
117771
115013
102080
132853
106093
100354
129056
113509
99219
115889
106197
112473
135598
126207
130246
121152
103349
231281
196382
167959
149401
128136
135851
126220
141589
115776
144216
118632
117128
98913
131492
120168
100060
97123
129047
143053
103224
106751
129152
119891
112968
109127
118648
107116
167971
153008
159282
345899
255361
240241
212650
194835
163312
134466
142423
102373
117510
114559
141259
112117
75968
72599
79861
69534
108256
109900
145515
137664
105574
109522
93854
85969
92220
98283
91703
104830
94647
94587
128896
77607
91484
96698
65198
115012
95787
98222
141229
107368
108009
90143
118933
110886
122399
99555
129337
125073
103381
98701
118695
90382
111936
95581
130308
132629
166553
137505
165350
182081
126525
141216
135484
139395
129155
134288
141233
121111
120226
115477
96750
89353
93583
142644
133079
135904
132275
140337
133805
109918
126495
94160
110443
107150
108028
79056
93200
79861
190846
147246
147091
150002
160917
177415
168552
183986
151401
133366
154192
121240
89183
108876
74762
82344
107329
74626
88613
72469
57892
81874
80881
110646
105803
101356
107374
130256
104062
78574
91699
100675
85330
89725
107899
108946
83230
92296
78651
67083
58061
89938
105074
121650
103673
108570
105812
121787
104903
87893
100383
94834
114319
92960
106680
105450
107769
82406
121884
97889
99564
105861
131829
146110
125602
130437
120501
119219
116506
113496
140960
123344
116754
139448
107146
114912
117595
93187
102828
116554
122528
136150
124495
128700
113566
103447
124512
110883
132055
89658
99427
104060
95952
89770
80264
88360
201947
198311
170377
147137
136346
140902
155615
152537
105482
121736
98823
84323
88494
89938
92848
77936
105109
60928
102005
71678
54312
82474
79594
70403
122612
90268
94095
70274
89472
73520
98030
66735
80844
63244
84555
84965
78938
70503
82657
80588
94121
79561
111772
102557
89308
82297
128287
86118
87470
77911
123951
88831
105035
92318
90741
99735
87404
87591
104188
106741
95476
111685
111946
106196
119418
117620
109439
127508
101147
112818
116581
126792
103512
116759
104317
91616
94120
103470
99596
121386
113304
99012
118449
105136
102695
90810
94494
82508
97122
87786
87661
101221
77981
77037
93980
79484
243002
144763
163975
145688
134266
116325
100274
95985
87939
111900
90948
83919
69700
69868
65074
71370
74945
59529
43041
63233
43845
57623
63877
69179
52358
54383
74400
49933
57687
41181
53086
73526
40283
44280
48630
43297
48059
63741
67293
40920
51827
51717
61265
66761
39057
43621
49198
42356
44516
54106
52662
51612
60075
51464
39073
53825
67881
55550
62238
52572
58713
36014
51475
65758
65500
57842
59085
54568
57220
53250
45733
51512
63682
55355
39609
43399
56771
55471
32686
51332
57059
44630
56142
39725
56337
54155
42464
36585
40044
43494
42406
50151
32025
53443
37262
34804
107978
111798
60010
90251
58753
56868
52868
72472
53285
49191
33198
60126
53512
52470
49871
44039
52686
47934
41327
45101
41345
45417
65304
49889
45481
43276
47025
56568
38498
41332
36694
48979
59501
40520
43816
41476
49864
29758
46117
50821
49008
49146
41059
48456
49282
43637
44987
44178
50219
45244
59672
46573
48695
38963
60587
46189
60299
65689
68476
55207
69022
43598
48425
54722
61681
60431
62983
58621
56477
52579
55172
71602
51637
47306
54563
57904
53372
43542
57282
66011
45067
48559
44724
43740
51294
54976
50284
58547
43087
40489
31101
48075
37377
35194
39134
34039
104272
71755
95505
70207
64780
48109
67522
59344
59763
55849
67066
47785
62684
47120
65761
68875
55704
57014
53327
56165
47161
63639
64375
61829
66158
71282
70781
48283
74258
65987
64845
65309
66112
58357
65927
77795
78698
65094
72173
77744
93218
68009
95772
87345
84004
90752
98061
90595
101107
85054
94315
79228
81715
90122
111802
105090
99516
91839
109862
108936
104714
99213
98763
118430
104047
99155
78848
107808
116195
103157
108565
94351
113336
109103
108355
116410
90847
113977
113145
100316
121863
93430
116773
119998
103539
94322
103094
88297
85369
100937
111913
87708
89588
102585
88652
95096
234882
172998
159579
159198
132922
114066
115515
124096
114450
96185
100650
106556
78258
89040
84501
74285
71965
48802
86161
65655
92456
89175
74183
92256
68422
70307
81603
71035
85603
62981
78606
70696
68830
73390
90911
59782
83936
98373
88014
95026
77683
86994
111494
93462
79496
90183
94028
95510
90567
77827
81438
114217
122874
94277
119213
116640
138103
105131
102967
139041
94298
104568
111064
115681
89755
110133
122283
138179
102202
94956
108536
102930
104348
117247
116477
119443
109982
123613
107551
104876
103557
112895
96433
84852
93703
112679
81980
94915
96821
95954
78500
107371
96190
77756
88520
94784
194813
171965
152076
136571
128115
119279
83733
107055
101635
116112
87906
87296
85206
102777
76117
97614
78587
64579
79573
108051
71748
60579
79257
67457
97782
79092
92414
61890
76044
67953
93937
70523
105863
71929
88489
77511
93755
79368
91711
75375
77555
78874
100301
79177
111514
58902
106783
94090
93111
74582
100607
106473
96441
82360
107919
108194
123297
105698
104539
85745
121122
117721
105265
108080
102249
117610
111615
108468
110137
109476
104208
92622
87625
108371
105444
112731
87818
107949
97882
91564
121711
91797
82444
93307
97547
88942
94592
110463
90002
108355
89183
82422
84286
81509
93916
78865
228488
127659
155057
142238
117748
127513
92227
117312
82761
100165
97520
92242
87033
87212
83242
74245
78244
70322
84389
70276
57153
77271
72354
76453
72790
62377
75707
66941
71765
70157
78801
72078
81265
79874
60492
69243
69328
68109
77074
71864
61937
78954
85065
75814
84544
67501
68300
108569
74669
76310
88395
73652
87215
78081
85107
89234
75988
93994
86136
79937
80184
90065
82207
88807
97413
86439
79655
94127
98156
89374
86735
92181
66375
81123
80463
90288
73667
75954
70874
57578
71126
56024
61378
42610
39548
64260
57310
66710
62313
51875
46852
51163
49043
52948
38033
53427
117320
81608
110924
75152
89112
60956
57574
51840
84214
46929
81194
66212
57115
66859
67675
60643
63427
46101
60298
72277
46396
62351
68517
65868
63320
59515
65077
53120
75733
59892
64869
63330
82988
63172
76028
69245
58417
77585
76944
84448
76608
63495
91779
76830
92187
72898
78466
65149
72240
89475
105130
70377
99720
74496
92940
108746
96036
100866
92124
93060
87848
84602
81110
85054
82860
83491
106424
63676
108456
106857
83205
75991
76439
106540
78871
79994
89742
73087
65350
78893
74120
62496
71801
57162
60380
62615
63281
63587
61144
55845
71947
64058
44238
54691
57357
43943
112892
90706
86706
81822
78358
68040
64460
83192
71821
53290
77399
56160
67078
57598
46713
68141
54039
42460
55556
58025
42618
44182
59248
46785
30672
43849
49338
62068
43279
55603
54685
39721
52642
38609
54721
56788
42261
34738
59693
45018
48813
40926
52583
48285
39501
46912
45469
46772
43500
56892
58388
49373
53837
46729
41756
46036
56870
62600
57863
44234
45013
60637
44360
41228
44211
48655
63922
52907
53057
50760
71880
60773
49268
54177
56706
47517
55366
59663
45511
36444
39951
50240
34442
30163
31189
44555
46713
55096
37025
40954
35269
41265
34147
29164
45453
39397
84082
48699
100162
54929
53840
42399
38724
41475
46372
56622
47221
47796
39644
57592
39653
30844
45688
54270
25201
33245
26911
31946
43105
39203
57553
40524
45199
40067
36781
36756
49835
47039
38022
46880
45692
33546
51141
41871
34070
36005
46571
30889
52757
47922
39976
41265
62178
49786
53377
36648
54610
55844
39382
39586
56140
71028
52354
49346
37852
64425
61919
50830
55323
47626
44293
52426
51974
80406
45401
66168
41789
51006
53048
47714
57402
39641
54747
51278
57027
40269
42015
37206
46458
45034
45628
33977
43951
44441
45160
38522
44900
53268
54577
36210
49826
38051
106606
70375
89076
76656
48175
63642
60876
61729
52088
51985
56741
52255
59726
73727
72048
49696
49376
58703
43133
67563
51976
40147
63090
54178
78940
57687
69356
73933
72122
53102
63413
82777
59551
78183
77377
84898
54392
62380
74957
57430
69730
64215
71738
90962
77310
67199
92297
72279
89876
70605
87674
103266
93966
104188
104430
101826
89732
125768
72067
76580
96642
102787
108516
102446
96827
109129
139250
93262
104211
104790
105178
107095
107822
96232
114432
104233
98969
110186
93383
101284
81040
86390
100377
85472
102564
82597
101908
107655
99540
90243
92840
101194
90502
64283
91561
72930
191464
137684
127478
106663
106303
129493
134082
114213
97357
88978
101718
85419
84312
95973
76429
76694
82837
73169
66944
66723
67564
71476
78056
81627
77919
82475
68976
81169
81445
72704
79166
67633
70232
73915
74364
80035
76465
66898
78550
78367
86848
75442
86312
78664
68159
64936
91859
89362
90501
96086
79589
98496
91954
89562
74266
88247
101250
98929
127609
106125
86587
80268
112930
100332
96046
92643
116320
114056
102402
144206
105465
104861
106282
120805
113119
108359
116698
88163
103259
88590
115158
92521
99549
109181
85454
83370
93404
94303
89945
101735
90149
78636
89422
101263
87360
83141
233981
158345
146748
120591
117466
117153
114696
134017
104187
86535
99076
93417
96504
70833
86045
90658
98143
75124
72090
82678
62202
71052
96869
62550
65897
77438
75760
80806
54485
61906
69682
76411
82656
75959
93842
77679
83547
78560
57226
97769
81370
79028
74478
95553
85478
94850
87439
82936
82313
86012
107841
108126
95772
107721
105045
109012
97988
97502
102363
108960
108428
103615
112648
89485
103990
102011
113922
106671
102573
109662
103963
91995
111711
110927
104008
118284
111855
99713
118148
94917
94518
102606
86726
88893
110683
79593
96231
95744
91791
85882
92501
93792
93266
94839
88631
116881
242156
190050
157565
147276
95925
107973
128641
105335
106159
99185
106435
88407
111661
78963
93437
61023
70428
70638
91646
74223
73939
90936
62803
71343
72439
69118
63792
70888
80196
82268
66802
80399
73367
85163
84357
82096
73672
77015
65311
84641
80277
68259
85230
89466
72631
66259
73546
104031
94852
91410
85303
99766
91635
124966
105798
105851
101433
96247
95509
90341
104951
111158
95058
98235
104236
114849
129699
90591
114437
111642
102245
87743
124775
104766
141693
95692
97467
120206
102405
102908
124369
77321
85503
99178
117023
78788
89898
99518
99947
85695
95995
83839
95296
88004
111753
83574
229221
175638
180632
118755
144654
112149
97014
107949
122893
85878
66905
98487
97422
87453
88856
78387
71937
64910
60372
70344
54458
78116
81409
67362
60414
71683
77923
59244
81671
78072
72772
87118
71254
58395
63975
69936
61628
74896
59517
89132
72116
83811
88816
82144
72450
84561
66321
82318
85161
92366
86214
97680
73865
83991
80146
93777
108498
103430
92365
89702
84112
95520
107432
101553
104619
92598
100753
100377
106079
82313
98945
86254
96324
99649
110865
111619
97515
98995
83657
69972
94929
88586
85893
82488
87653
87144
82150
99045
110236
76969
73510
76782
96849
84715
68023
81716
187575
140492
145560
120256
105141
94985
90552
97039
103390
83835
84663
73766
71469
72590
72514
60662
74740
50789
48380
61061
53771
63575
70094
45182
28232
51526
53653
40404
47060
43247
65724
45299
40618
49385
59917
47751
46449
46410
43765
52296
37553
39803
53808
43691
35601
44321
47946
31392
48186
42161
62387
57218
44847
61275
52956
54959
37862
49588
54419
55423
39307
41025
50294
50622
56589
40637
36205
58788
72457
46502
43718
56841
38265
65267
51990
55738
63827
42250
44245
52846
36508
47071
42599
44704
37268
33891
41263
30293
40971
42239
52967
34329
43290
44735
31556
36815
83236
75078
53328
62948
91818
38865
51115
54508
67098
55429
35938
36237
41762
58155
61461
32276
35720
45572
41279
44289
46876
36296
37337
45295
30891
37318
34647
44178
43674
46991
62440
59557
32518
42462
52330
36134
55386
48792
46816
34206
47743
52269
44596
35416
50887
45438
39208
42477
35721
41890
45619
53428
52561
44917
55208
64117
53082
45026
69326
40799
52207
50957
61670
36488
55640
43647
47149
46598
42225
46895
67395
46992
37699
48490
47262
48365
39481
45874
34167
40272
36181
31817
54734
47620
46484
51572
40655
55143
47265
44088
47747
40955
40887
43660
33936
33200
94845
74600
71146
79930
73304
90669
60863
45631
69259
58919
55397
65252
67294
53604
60662
53168
61806
71237
51308
57764
55817
53143
53741
44326
70001
58283
59859
61173
64107
47001
56325
65199
68192
59514
76934
76449
72170
75497
85438
76027
79993
63684
87912
90443
70990
67724
95510
90985
81575
74774
76284
99098
98196
104843
85655
107965
90625
101833
103671
98441
84229
85562
88615
118790
99006
114447
102275
119502
116594
96358
114710
110188
100463
105926
110072
120866
124822
106582
107029
108206
97442
104743
97092
113156
79329
73544
89655
97701
105907
90854
105536
98995
110131
73901
94027
88566
241295
154011
125554
127007
116969
127135
122948
78094
100404
106590
116296
69070
98962
88493
85130
80653
82756
84663
91424
71816
67045
71739
66169
65216
74055
68143
82426
93068
76499
93909
78337
71123
99965
80231
82675
77908
73729
74846
76472
87888
70064
73929
87328
91455
95591
75113
97754
112656
97264
79694
86527
90707
95474
104911
113696
102309
113221
92033
111953
97940
112565
92914
109591
120628
127985
104264
99905
107400
113005
103114
123523
112206
121247
110150
103540
96046
129969
114084
100756
107168
132267
100321
111236
121162
101388
107110
97771
96196
74608
85427
99949
100984
89172
108446
92467
94671
207708
173986
149717
165262
140841
138643
146151
93923
98134
109026
118699
89210
76816
80109
92751
90167
74433
75538
83097
77411
57231
79922
81480
89494
59633
71416
93101
69508
67865
64096
65823
74406
86357
68278
95292
66536
84551
61826
80715
98005
80419
71069
86520
87971
73591
77758
95476
81673
88256
74648
91449
83799
87592
86653
94692
118309
97212
89081
100383
100272
111972
118139
120215
114735
99073
92453
111470
111721
96175
99370
116187
115931
96567
111500
110968
107311
109614
110709
106878
112371
120251
101815
105099
100481
94040
109355
96954
101539
112795
97685
102969
111217
103997
86731
85578
95784
219860
184028
137703
158652
131900
111117
128896
121909
93600
92715
81585
82873
85520
82858
93106
88024
82481
76900
72412
82411
83701
69894
88176
81142
79981
65402
70951
65292
72934
67846
73645
85336
70867
61479
102538
65893
78733
63191
75201
88014
78872
75357
112907
101447
71619
85757
93162
94596
87704
97015
95348
99504
83271
81241
110404
88297
6175
100993
128526
91190
108207
96704
56761
126754
107674
115520
117090
124923
121051
125755
132404
124490
127375
140022
135783
107066
110170
99822
107699
144093
116555
114734
93718
109394
109252
89179
86258
101697
105175
81647
84501
99503
102364
103093
85066
99423
239055
179981
171374
131322
136609
101005
128158
102178
112838
100542
116925
94724
96438
88192
94606
79789
80875
84280
88866
71983
69840
58287
75301
70560
80933
61928
74755
87767
80298
89057
70406
74992
69896
64924
96715
82879
63824
74940
73158
76233
67732
72178
99019
68563
79990
80239
86592
74196
71501
70858
75656
96114
98768
87747
87184
99272
90507
91416
93725
114320
108138
99964
97663
114469
89714
76895
108770
106121
89260
96183
75027
82807
108554
112689
101923
113070
97753
94805
110282
80117
93859
89841
104681
100471
114017
86682
85429
79964
83837
89977
82151
73509
84158
79305
88967
79794
199534
145640
140845
99907
129862
137453
103028
89112
85877
76400
65393
65581
66603
63515
61319
76356
64753
67559
67292
53548
46886
61301
56091
53620
60482
52940
59161
55608
60144
55359
54893
62385
41934
55153
47928
60821
31031
37033
58959
52638
51514
38001
64206
48452
39381
41508
69123
45673
43848
45259
50350
50883
53416
47781
57578
48243
45311
49235
63166
57179
45469
54059
49570
42426
69099
48707
67330
52173
35102
63748
59279
63683
51191
55293
52830
52673
47221
37764
42376
56164
50078
60963
47325
38867
34306
33832
36190
46740
50969
35526
45509
44990
50526
39084
34836
34694
74473
65873
77495
52202
50925
63615
59625
45263
59286
64334
48560
64077
50538
41463
41073
41472
46648
27271
41996
40841
41830
32069
43966
49968
48988
31602
51304
39595
47721
43386
55859
47557
44737
40953
46654
52737
28935
27246
54444
49321
38369
26828
34238
52471
28813
33586
61218
45934
50658
45617
55962
48159
38954
40381
70037
51940
53468
59449
42857
41214
55556
60059
56457
46820
63017
46147
55662
71121
52240
39145
53769
52018
68499
58005
51931
48928
47912
37160
43678
63469
57599
53932
42326
36789
44849
35509
49109
61035
40937
51428
42445
61344
40760
45399
38044
50361
120534
81218
79398
70445
69282
40157
61096
45311
48164
53496
68770
91674
44797
70024
47322
57114
56706
56679
62537
70904
63893
43014
71798
54799
63081
52040
56200
53464
52736
69956
84386
61808
68163
64245
66572
67607
68959
84780
76798
67218
64706
74800
78315
78353
72111
84812
102885
69343
97513
97711
88301
83101
88588
88111
107271
94304
97582
110713
105375
99931
94679
100221
97351
114671
106563
117601
118437
107896
123568
106524
108629
113966
110948
126853
104766
116586
132646
114061
101733
123462
103354
116407
92685
111887
99506
126945
98777
104785
109140
106770
90720
101935
119764
77474
96257
259951
139565
166133
128542
131432
123845
118074
133668
104959
91969
116782
90568
87257
86538
81315
97986
91007
75668
67401
84197
72909
53442
71023
71428
73676
50320
83535
100241
70331
65666
80007
65586
71573
72533
80167
92628
69636
65763
80800
91357
77829
87846
78931
98579
73633
71259
89111
81044
78589
72717
97650
103370
90773
78797
99314
87188
101194
106825
122039
93895
85375
90982
102113
92647
103668
104342
120887
103583
102499
102920
124647
106315
144350
106065
121641
114828
113008
88959
100280
105892
118329
100629
96832
122160
101209
97921
107965
84759
104706
74726
100831
97969
82011
89101
92699
102940
233223
172005
144642
137368
124996
106903
119507
106205
99133
111139
95270
97420
99613
97048
81849
82410
86418
57126
96940
70563
75794
74624
86997
76220
95226
72445
61052
70426
103517
68300
78547
77890
68763
80961
103841
71094
56857
66329
79864
88750
70057
72824
89326
61000
76006
91481
81620
94230
89912
85700
93429
93575
100177
87811
117432
99809
76507
89155
99317
94045
112739
90971
107094
116517
91377
105796
112091
105507
125532
118779
128280
108373
110171
113769
113570
135371
101420
117938
122315
86817
110987
102991
88711
93079
86328
94062
95705
84338
92528
77230
89717
96199
85046
86582
106558
107931
218955
158426
132900
144614
130317
130079
113327
100243
79586
85317
101828
74487
85813
94985
83189
65578
79474
75104
74917
61299
68835
92605
94966
59022
73915
67229
82308
74522
67657
70975
62856
75429
61106
67112
88951
68344
94267
74855
80103
66429
77532
91354
90662
78232
83798
80310
93276
87735
95206
85729
92268
108188
90532
84824
115746
105856
97709
83870
121843
93607
108742
89388
113005
99148
112554
110607
119048
114710
134583
103819
119524
108199
124488
82247
117379
96005
115643
97773
93013
122153
99946
104967
108886
87508
114553
94779
69678
99729
123376
85289
98117
96712
86084
80869
99096
93675
218058
173843
130535
138016
129611
110103
109142
90333
89817
89476
99606
128344
86480
78805
90373
84624
68121
54911
84327
76500
70256
74702
82585
63962
72645
65904
74056
66133
61536
65637
74785
69256
60258
78368
55125
73603
76119
49432
79210
84177
81534
62611
70057
77826
84043
68499
90869
88483
97954
81748
108903
83586
73058
82992
122055
98853
92773
89495
97472
91785
92189
80655
97952
104493
113220
87723
102282
112839
122671
92026
96949
111105
94773
114978
107839
90792
90937
86469
93280
95703
109297
82740
81507
81031
95090
77243
108993
66065
75120
68366
87331
94857
79540
83104
63987
72697
162712
162022
130765
120698
90683
91824
111396
86081
91057
67983
97141
69849
84048
88107
58776
68010
58871
53840
53155
62203
45203
46625
54529
64785
43421
57461
65711
52475
44899
34327
44316
29438
43978
51883
47379
62102
37726
38537
42400
58988
45545
52509
46536
39167
44698
45785
42811
58149
34740
44364
42939
37580
65609
47077
51373
53153
47742
37514
60668
50534
42340
49556
43505
54687
61699
41068
45738
61745
47409
39446
52802
44255
43166
60148
49604
42430
51845
42839
31863
40134
55171
35248
44516
41119
44908
37054
33489
26999
42816
32281
41158
37567
34420
36759
49303
26428
77397
78186
71846
53749
48136
37811
40264
44360
45606
46221
52230
43943
30612
55340
35752
33988
40746
29780
30982
36532
38874
32270
55462
55299
29171
36698
47624
29899
32666
40862
48618
45127
40254
34156
39121
41323
38593
40567
35643
39364
45808
32752
42248
50647
29409
44410
39874
52978
48995
44468
48493
48342
40271
43404
64128
47858
56065
51569
58004
53959
50065
48277
52876
42864
52431
48968
58604
52438
46743
57469
52661
60927
45016
50512
54620
55022
66930
52360
47890
45388
62207
54328
49159
36026
40248
36520
40306
44384
39820
38136
52206
38445
45628
45695
39764
39157
108250
70716
72106
59321
64491
61913
56979
61256
59420
52389
56202
54628
47866
57621
53378
57152
64451
44992
59264
41011
60446
55403
63392
57750
46497
44182
64773
50219
59051
54670
61841
62243
70847
78132
67339
75601
71753
58110
56518
89217
90500
62545
77785
71350
80707
69932
77733
72537
86550
73607
102776
107829
107834
92948
106363
101543
96854
83736
99966
98556
90069
111203
112711
86722
86931
106764
109781
101415
103785
104908
110432
99564
97477
107668
129490
101250
93170
108663
109034
99277
75359
82618
104494
85720
106089
76257
85262
88296
86950
66073
80338
87896
75266
87544
79013
89568
209515
121180
139792
129833
102778
111133
108618
76033
80351
76501
94507
64949
66390
83025
87083
82961
88273
68489
82842
60729
64776
65684
58287
64326
56017
57368
77936
88327
63163
71311
76357
66252
67021
63843
76223
65340
67003
52256
76242
79269
64047
64161
80064
67643
76184
57896
95089
87754
108799
81194
94741
79946
76738
85329
85648
98461
84200
87678
103568
93686
87679
76750
97928
110975
91884
95148
105111
110152
101065
106774
99182
96379
109807
106121
95628
98695
95674
116579
80575
108607
79636
95042
101481
85498
82742
95074
91568
96055
87764
86957
94265
86162
89352
90628
69269
73721
190933
136481
133328
145181
112000
114825
88260
94985
88357
96774
85374
84625
119013
93631
85669
87968
76030
61623
73197
69219
51456
56779
64833
68203
74006
68750
61629
68594
65410
68238
88365
69064
74590
65773
63287
81714
70851
83874
75166
64434
76728
53951
113153
83909
75223
69278
87745
77786
88804
75413
86845
93468
82435
78882
94163
108457
78584
72558
99501
82579
105356
95787
81284
102828
100623
93654
108268
90072
108856
105991
108827
92383
75757
80854
99363
92333
92862
106176
93935
81381
84183
76371
88376
83173
80996
87201
96281
91872
88479
95241
75741
84947
81649
68086
77159
60916
167909
124303
112259
118741
101480
125211
98016
90893
73191
78849
69366
80453
73913
79686
77135
66167
72045
67603
63440
47538
62690
64020
65425
56030
71175
45260
64095
53044
64539
66224
65534
60544
60992
54115
77065
61354
57456
56093
61617
61816
49267
66743
71282
65836
72656
61493
78655
78006
71636
75072
56620
71595
51407
72734
63007
69028
69563
71784
75835
57591
65934
80493
84042
86792
88894
90488
76206
79252
61040
82956
83609
68229
84244
62452
82002
75210
63699
62665
53735
71412
66977
60861
68595
70792
60375
53804
50173
56315
55584
50393
56671
46717
44886
33404
44716
36549
102331
78711
78680
72627
68769
47161
57680
49406
41655
39191
44101
40060
56734
33604
38874
44461
35454
48590
37203
35886
27700
34678
52779
26870
51998
49962
52268
47278
45907
44731
28402
25423
33424
31924
42526
41586
36417
57733
39040
33590
32522
23376
31192
54536
42795
48881
33166
48046
44865
38277
40916
38538
40980
27539
54385
46517
29904
41510
39287
32239
38517
44274
48575
44339
38682
44080
50962
38365
29244
37791
51753
46040
27682
36137
30797
30882
38624
26772
31737
29295
26158
26383
30783
26012
30580
37721
31050
22800
20094
32514
37345
40899
24050
27537
21914
20574
58952
51961
51887
39253
34343
37114
35745
45364
41110
38866
27388
18692
49203
35850
34677
38816
26483
21976
32380
38600
28908
25794
43976
41613
44329
28148
49050
35178
30755
27548
30779
45622
30526
27433
30980
29083
34176
29591
39878
38299
40731
32255
38906
37682
40626
34952
41787
44528
40412
24656
50696
37532
34935
37547
52541
45801
42318
44809
43083
52864
41840
28993
39994
51362
37927
42193
40828
55495
27579
35827
40963
30009
29141
59363
44966
45859
37511
30400
40263
38321
33908
38043
49683
33972
32485
28693
36229
34939
32947
29183
26448
24177
24984
23057
25120
29560
74575
71987
52614
37578
32239
36846
37023
27870
41305
39761
37684
35520
41257
33161
32556
33402
40484
30997
53298
28681
28903
43952
53891
32528
26635
28056
43947
35143
49225
33838
30721
33767
37712
40196
39206
47542
34706
45373
31172
27240
44937
37115
33972
48236
39396
34286
66391
51893
44013
43067
27138
49222
43472
43775
44380
40753
36374
53689
45359
36582
54897
47809
38805
51441
39971
31937
48152
40142
41377
38614
42111
40461
47282
33649
40633
37895
36091
45163
37289
35360
34150
34609
44808
41202
32329
26142
25971
29628
40529
37116
34001
36221
26314
24871
27315
26530
76026
66010
55031
59167
53427
40827
41987
43562
60123
29454
41827
31371
42456
36601
42675
52889
42156
34429
53541
52155
47652
35115
56497
58146
52543
38344
42875
46824
49133
41557
49671
62568
52790
42269
59025
52253
55623
55201
51080
46286
52078
56425
76124
77726
57652
59259
55486
59571
50575
65387
54446
59094
62181
48182
71682
77061
68877
51630
83695
68048
71011
80089
85193
85139
72675
71647
79002
75973
54278
66601
76860
82117
82679
70199
70800
78796
85829
66591
72216
60425
69945
66440
60402
69856
69042
64840
71484
77263
61538
57679
77810
67261
60097
49979
54539
67626
170317
94298
118665
94117
105159
77498
88426
68458
63261
71840
61820
62277
60997
47513
61086
59438
61654
47008
54715
59463
53090
58875
71745
45121
54664
55527
42119
69890
64631
56101
53036
54045
68287
54365
61853
64340
59535
51680
68651
63118
74119
49830
71882
64014
50878
57509
79948
65368
62796
68577
75274
60897
55224
64030
78914
59450
66796
70443
77054
97525
99595
69367
94011
86377
63238
82739
67880
86897
99993
63675
93068
89077
81900
81496
88287
82264
63970
76937
97164
78978
81589
67383
71838
66340
63109
81258
63807
50524
69624
62500
59825
54470
77114
57292
62525
58279
171345
140021
107689
91786
79970
77691
73514
79170
62756
81139
87982
68612
68351
60676
62000
64282
47767
43640
61246
59584
61200
52381
72937
72739
73357
67755
64619
62093
66036
63421
55764
61572
64081
60154
64225
54615
55037
55827
72156
68796
78317
60502
65486
78171
54114
77077
74455
80440
62673
75691
72950
76744
65911
76662
100785
81683
67867
76200
79741
106826
69369
75899
90428
85946
83769
86097
94173
86263
77748
82238
101941
94458
92057
79823
79977
80446
104794
101928
80073
90753
77539
79268
75695
53718
62871
70134
75251
88283
65895
63326
81995
84950
59454
68531
69681
70713
164228
121292
103170
118069
104408
69694
95911
71303
98954
62729
65750
88952
100874
67197
53809
67683
64480
74921
68537
45907
51448
55808
80327
61763
62376
61502
52843
63535
54194
62896
51095
49836
59232
57333
67762
55082
61159
60826
68324
63850
59251
58372
58735
51678
53836
70107
69245
63550
65220
67238
73717
67294
61473
52947
69688
73777
74883
65245
67945
75373
66831
66086
75797
74171
80176
76881
81647
90822
68986
86285
90516
73945
74216
67432
56198
81111
77647
71730
85198
92562
58113
60554
65423
70244
51132
86938
67141
46804
64136
52206
63694
61882
49482
47227
55405
60753
